300
302 138 170 408 35 331 345 37 495 79 48 109 445 468 88 336 438 249 405 379 347 435 254 115 199 396 105 230 371 311 438 176 189 390 386 333 104 32 242 37 280 57 269 388 186 308 446 457 124 295 403 150 37 127 120 139 426 242 244 294 279 440 384 93 65 396 119 445 58 220 191 299 73 212 335 274 81 259 94 388 97 325 134 240
144 103 236 111 184 394 151 476 7 377 445 268 478 136 354 311 277 83 343 385 403 486 476 332 240 409 243 219 403 394 288 109 401 341 323 265 163 20 361 398 220 424 136 495 265 332 326 232 435 359 354 12 18 83 169 317 315 430 3 285 125 447 118 160 306 338
204 451 249 304 22 152 201 333 348 301 312
381 210 45 468 476 232 94 357 233 291 288 460 371 42 416 260 173 500 306 397 304 225 173 357 336 148 313 221 500 279 96 202 384 464 408 191 106 398 212 368 376 435 279 284 317 201 302 99 453 237 141 401 393 270 267 199 421 355 167 381 483 396 452 444 426 92 245 431 231 63 85 464 41 312 48 220 328 319 126 146 218 378 14 7 256 303 441 239 166 376 476 301 108 336 346 467 368 330 285 164
106 179 85 49 258 407 406 206 79 198 433 37 20 97 43 272 429 218 166 110 50 387 3 5 383 31 474 499 193 229 217 338 501 270 218 394 468 275 315 202 44 10 40 382 238 407 317 175 214 26 131 399 359 232 304 291 147 243 456 396 37 402 188 11 206 49 379 24 215 242 325 494 213 254 238 311 463 278 347 438 390 130 50 382 453 406 193 358 427 40 155 426 243 44 475 325 182 362 237 239 192
414 295 181 466 260 280 478 455 206 286 179 174 28 317 308 369 339 295 192 251 149 363 29 213 447 456 26 74 351 217 480 453 476 78 441 290 203 67 46 318 502 326 243 362 419 214 7 275 224 423 188 61 56
385 321 225 386 237 51 36 166 137 67 268 431 302 376 44 336 152 226 474 314 266 253 498 297 142 223 396
172 215 376 179 137 292 98 485 106 275 354 98 421 25 477 39 434 397 293 314 381 490 219 32 153 186 268 93 345 136 355 347 271 347 445 467 129 349 58 207 233 82 231 231 128 124 415 282 40 190 258 105 416 468 43 308 354 330 385 143 443 260 54 89 464 440 20 95 38 416 468 408 159 18 194 17 60 343 335 470 151 26 449 112 160 287 434 142 320 360 216 345 236 296 34
186 402 491 39 306 157 342 299 136 333 241 288 119 290 379 194 44 501 95 106 486 189 163 474 76 253 13 411 406 148 180 193 69 272 216 30 205 135 264 18 15 88 329 36 21 264 144 306 291 57 295 397 109 499 10 62 426 214 218 463 41 305 98 160 294 54 474 38 19 90 422 325 259 395 492
142 441 378 20 427 122 284 148 88 229 112 499 278 224 390 240 295 339 131 405 74 169 59 401 359 356 272 426 83 275 79 257 483 197 294 146 248 381 336 307 444 291 441 343 94 218 260 438 165 37 479 126 264 38 480 65 97 387 326 423 217 149 122 239
40 22 443 227 167 285 160 414 346 402 382 470 380 407 177 396 147 463 260 95 285 305 453 426 421 62 384 298 446 324 145 135 183 171 92 64 479 167 16 321 278 57 14 337 70 65 83 11 264 403 263 27 71 111
50 259 467 42 379 343 180 273 33 225 23 307 353 127 500 15 73 287 478 261 283 371 47 7 468 325 128 39 237 47 75 81 488 180 191 117 76 125 210 362 131 473 357 64 379 498 172 57 289 111 222 404 12 266 300 361 434 239 101 470 225 434 181 138 18 469 345 264 322 173 332 237 443 378 389 448 40 450 472 363 45 372 427 241 415 437 84 81 197 142 182 92 46
56 165 233 77 404 146 267 73 348 93 36 103 341 139 388 331 228 153 247 47 43 475 274 186 273 217 191 269 4 380 169 45 428 397 230 408 252 133 284 357 64 387 376 210 135 13 305
88 455 132 66 177 222 89 488 286 145 151 464 484 169 459 44 208 391 415 222 340 123 111 362 24
288 476 214 373 292 193 409 41 391 31 70 148 29 164 139 405 397 299 450 191 288 40 207 269 450 173 474 489 115 217 384 245 59 333 483 300 397 225 284 476 417 63 199 228 8 180 122 165 232 332 401 246 262 197 463 88 301 469 232 154 184 457 396 417 146 435 379 133 253 200 187 307 175 274 499 132
72 104 312 477 483 387 490 84 353 204 336 436 149 496 287 236 255 27 424 21 345 65 75 252 55 246 367 208 362 215 235 301 494 460 160 126 36 13 354 37 487 430 49 127 499 116 127 360 292 199 447 141 349 248 420 342 449 139 208 256 331 377 251 112 395 126 293 121 267 75 84 88 289 128 58 391 81 200
83 233 154 462 38 401 125 408 444 160 116 157 502 342 397 496 483 315 274 25 262 198 312 408 123 374 99 359 50 394 25 45 257 349 449 20 37 183 449 203 500 94 146 502 451 178 301 272 82 312 120 491 233 469 290 328 306 107 423 105 416 157 74 102 71 247 62 143 95 297 226 497 141 439 191 293 427 345 72 376 407 10 346 361 260 347 408
60 60 41 229 103 218 201 348
236 145 356 275 80 30 242 484 424 100 279 193 290 129 237 237 272 160 174 387 350 28 451 178 95 467 184 462 85 414 84 36 311 381 331 332 45 449 500 55
131 463 204 251 424 173 212 3 468 306 387 500 232 398 51 65 117 319 145 90 293 245 141 266 475 168 434 442 156 422 326 441 102 285 478 223 172 283 32 71 182 56 282 200
386 30 150 275 366 286 168 23 93 198 431 277 294 501 451 99 356 397 320 159 427 95 59 197 450 283 358 146 360 9 236 239 32 408 307 173 68 317 269 61 42 178
14 488 177 500 321 74 281
172 250 322 187 409 480 391 433 190 128 190 409 364 99 27 356 204 415 401 388 419 105 106 182 162 34 418 196 406 122 332 156 262 345 359 460 401 362 198 353 305 212 45 279 109 165 10 180 252 21 495 227 81 468 441 488 432 495 211 400 44 308 283 90 445 221 214 125 180 151 163 86 453 487 414 50 376 414 123 60 155 115 32 478 36 185 98 292 389
416 410 228 295 426 292 401 106 203 421 12 483 188 61 487 71 418 70 453 50 254 129 289 160
230 445 4 80 28 192 346 235 279 74 340 398 499 378 385 68 296 397 206 71 342 214 161 237 458 142 343 20 453 276 101 67 4 427 313 248 214 459 494 300 253 259 141 107 32 208 154 235 259
139 82 427 61 494 12 353 15 291 6 234 320 229 254 413 468 213 209 60 259 501 395 339 95 321 276 309 455 401 177 346 240 464 166 174 390
379 301 298 415 115 146 165 182 11 443 466 215 326 208 226 341 296 492 224 26 112 495 190 316 421 221 407 229 268 346 420 213 121 246 375 173 59 284 181 62 333 363 387 65 361 89 301 51 238 431 429 162 104 264 385 223 165 393 368 489 284 292 279 206 449 167 420 502 459 249 73 176 438 259 56 190 242 416 96 376 8 80 88 241 442 194 436 135 32
306 59 139 240 186 462 404 323 152 488 84 354 215 413
192 67 269 443 291 388 49 162 130 236 366 62 288 309 435 440 99 114 409 492 226 255 255 394 137 221 150 204 450 109 232 447 483 324 435 8 443 231 191 369 233 259 331 317 114 315 190 103 126 246 166 53 139 418 307 339 191 207 365 80 388 472 285 58 119
96 183 93 201 337 375 314 219 354 272 71 502 74 151 252 194 254 47 400 481 128 459 362 260 404 62 92 442 161 111 290 334 380 186 434 256 84 96 10 289 425 126
182 431 382 412 84 150 281 257 306 475 174 68 348 99 332 272 415 256 339 45 23 211 91 252 232 371 340 240 328 292 255 137 75 458 135 342 407 274 349 212 106 443 136 147 144 138 254 250 502 264 435 77 281 8 344 152 457 379 142
75 60 383 379 82 6 286 171 364 497 460 70 381 178 382 362 30 476 362 416 118 305 366 132 492 502 404 431 489 55 236 125 464 423 380 430 181 18 374 143 342 276 389 112 468 217 116 23 228 381 465 311 186 160 305 43 199 190 6 56 487 263 148 343 70 15 178 254 450 84 351 468 17 414 52 395 217 447 113
59 101 381 329 475 147 197 385 15 404 47 281 196 63 407 224 177 391 321 386 214 123 449 285 75 446 208 178 300 198 247 328 322 151 295 52 60 113 442 265 164 9 107 379 68 108 397 428 476 133
67 317 191 187 268 66 150 289 469 133 454 148 244 299 232 243 201 401 54 205 225 140 229 81 12 500 171
406 376 72 8 17 17 410 489 338 377 181 347 199 433 192 481 284 390 274 217 218 62 361 356 277 496 91 447 207 197 300 268 347 456 152 346 329 11 30 433 15 331 330 134 23 395 345 351 298 369 100 401 475 34 187 27 67 259 497 155 478 169 86 493
27 400 82 485 81 109 127 385 416 413 300 246 496 392 333 77 260 220 25 99 205 445 300 149 462 428 142 57 342 71 190 40 330 36 362 498 363 318 206 203 129 279 227 367 422 66 124 355
244 353 432 438 424 18 403 314 259 466 254 302 269 501 40 357 197 343 182 250 376 455 106 459 443 470 259 121 202 328 434 317 427 288 109 283 37 220 62 480 213 78 452 155 321 92 255 286 296 108 45 406 105 58 463 478 352 343 462 486 191 357 441 487 334 105 265 309 186 205 376
430 205 210 26 269 377 10 59 499 212 306 423 115 473 348 76 263 117 115 149 72 461 200 216 131 307 365 68 264 214 391 320 165 366 6 167 453 357 130 73 327 354 39 82 108 426 134 301 261 344 500 419 249 385 240 394 3 113 158 175 268 241 361 465 113 13 94 203 46 89 253 496 387 174 442 260 312 43 213 344 389 316 217 327 322 145 418 79 193 62 262 19 45 475 279 313 354 292 495 495 195
270 215 226 168 227 443 38 87 345 129 407 132 483 312 56 438 173 253 172 247 365 99 163 355 38 18 429 434 106 131 304 491 387 400 312 239 139 381 361 344 127 47 184 408 61 16 468 165 405 202 427 171 56 482 408 257 216
34 271 439 44 431 6 322 204 131 365
354 428 111 92 302 201 99 302 221 39 94 475 22 381 235 285 387 396 307 478 328 346
480 248 316 273 113 77 425 393 488 72 390 326 426 384 192 453 324 393 55 133 334 252 430 339 438 395 327 317 118 66 469 302 179 210 29 10 60 211 40 462 498 197 459 313 317 175 400 86 311 369 67 237 274 132 115 122 46 283 347 342 213 129 7 29 59 335 251 417 292 111 406 48 198 489 91
426 168 463 185 436 153 483 440 307 480 408 314 114 487 47 373 406 97 261 419 455 84 170 22 455 286 143 132 148 75 292 208 484
428 333 411 349 278 4 166 199 132 222 77 181 81 142 320 423 55 385 375 217 8 148 28 69 289 499 178 355 50 189 9 30 380 462 160 212 335 207 436 413 4 337 382 489 410 59 83 222 179 146 486 155 173 499 261 60 153 155 277 13 392 461 159 230 209
121 327 406 240 300 218 294 68 190 321 176 278 495 181 465 124 227 473 35 387 243 198 294 374 113 172 70 390 196 123 489 220 169 413 203 243 423 66 128 99 211 329 188 375 309 100 485 448 44 13 327 68 88 450 127 371 175 162 361 344 88 20 494 273 164 248 110 454 449 271 392 370 157 495 51 166 137 51 372 102 257 128 167 208 253 134 150
43 419 5 320 226 325 328 430 128 225 21 494 133 140 284 190 320 339 405
487 167 267 185 38 49 216 483 479 360 300 138 276 3 261 187 274 130 188 18 40 32 304 268 90 230 475 464 285
296 18 419 56 394 299 31 369 447 286 351 102 430 309 438 252 85 69 136 442 251 46 266 451 389 497 177 228 399 55 254 458 172 445 331 336 259 66 85 165 49 79 493 388 413 277 234 48 444 332 56
179 32 104 287 482 373 487
177 266 502 97 498 295 369 299 467 265 116 236 455 352 381 122 373 378 282 217 243 216 338 410 261 459 460 425 403 336 487 15 150 447 463 435 7 111 454 201 177 100 95 470 489 223 282 26 37 33 4 47 383 82 189 429 166 346 147 3 48 481 262 16 50 229 428 198 67 162 450 169 169 84 158 333 142 148 320 208 215 297 146 441 445 283 195 502 335 453 309 220 482
397 486 291 379 381 31 173 135 439 243 44 54 345 488 476 268 165 361 404
418 186 496 163 416 460
108 472 260 145 278 477 361 385 289 453 85 69 440 137 37 49 315 460 31 149 376 350 75 17 166 267 346 19 183 104 24 255 156 215 350 197 287 217 123 484 77 3 224 496 148 421 29 18 399 58 359 63 8 210 286 236 193 265 293 475 167 54 404 447 39 472 432 478 378 213 53 46 325 321 359 53 56 494 469 454 455 59 164 142 158 445 340 492 137 130 345 481 177 70 26 431 495 458
99 366 316 114 126 433 463 410 201 367 163 419 220 267 481 43 236 125 311 193 69 264 367 43 118 12 66 381 146 384 211 386 151 274 143 456 294 107 203 389 375 4 252 419 362 389 307 241 140 480 439 224 334 370 39 48 364 330 285 500 236 144 277 91 48 116 196 50 177 462 115 109 235 47 135 267 61 408 465 20 249 152 268 184 88 196 158 158 151 395 144 55 309 363 498
487 296 119 443 120 255 278 18 31 290 391 439 202 339 447 144 336 153 114 259 47 482 204 463 46 455 207 84 327 483 447 260 38 140 73 136 486 247
163 100 433 92 123 74 133 39 499 449 415 360 271 448 131 265 110 60 238 281 340 112
468 305 359 56 240 97 67 184 308 268 483 388 210 381 190 323 191 332 436 261 269 489 272 6 310 203 79
137 267 480 51 357 287 30 304 452 386 125 402 460 447 174 219
438 238 279 494 117 102 495 428 79 105 352 79 326 420 151 355 100 8 214 158 311 20 410 438 416 62 64 219 38 487 197
96 151 106 300 45 477 119 307 171 113 339 102 187 15 374 298 90 413 492 89 434 274 189 209 331 209 16 149 63 48 493 376 269 308 152 455 142 225 177 453 50 146 234 341 391 218 379 206 354 62 494 89 86 428 404 52 15 244 270 177 312 421 486 192 144 353 151 161 6 162 221 305 481 469 197 460 340 237 146 415 351 114 18 495
144 46 166 221 232 113 177 51 347 198 343 476 144 486 463 177 413 404 131 146 115 198 217 250 189 255
480 273 128 338 20 77 234 407 330 291 338 171 360 115 356 283 491 329 77 362 124 184 196 97 217 362 68 479 302 285 253 288 306 175 354 274 146 460 249 171 229 388 102
89 60 79 229 431 38 395 52 365 166 229 454 50 341 164 373 411 136 156 361 413 402 21 123 219 322 190 393 320 249 412 82 442
186 67 214 210 105 278 200 57 261 352 501 262 167 44 126 184 74 374 375 113 196 54 346 321 249 176 151 406 229 393 192 370 138 386 220 40
328 88 217 270 284 372 267 3 57 150 263 455 351 356 307 272 375 204 210 120 42 171 359 204 270 10 320 91 139 206 50 20 140 126 442 172 149 481 415 385 411 486 275 463 366 340 204 163 466 345 428 25 312 112 372 33 442 425 481 89 421 343 289 9 44 175
162 439 353 278 490 179 212 502 474 141 477 261 132 321 119 307 373 107 498 386 444 148 410 196 372 386 378 156 115 120 91 476 182 58 39 177 246 283 375 38 198 267 56 305 247 226 234 417 37 473 270 63 299 213 94 445 311 273 421 344 417 184 100 290 11 262 62 29 260 382 15 342 434 48
290 452 58 429 25 259 139 50 449 332 260 90 216 470 68 361 416 150 404 282 101 487 219 487
358 392 311 425 437 473 146 187 272 209 280 186 181 389 16 269 6 34 461 494 296 289 397 3 212 34 191 400 345 205 108 272 259 127 353 155 417 314 475 493 138 134 126 453 499 67 412 342 494 361 298 385 421 392 209 125 306 276 90 391 187 416 276 436 368 71 41 187
345 210 364 341 29 126 220 243 205 179 125 288 229 437 361 109 305 238 141 203 267 326 145 70 406 335 186 197 268 101 25 307 191 353
106 126 433 181 180 275 208 374 432 493 287 126 306 92 105 317 132 190 310 379 232 157 196 124 411 339 241 199 161 296 24 415 294 120 499 423 347 63 228 440 381 203 292 115 337 226 143 31 295 14 143 350 422 265 30 204 499 129 414 77 253 19 312 179 232 217 5 133 205 178 305 184 481 65 18 110
8 62 88 4 352 347 388 380 256 82 456 69 472 222 293 432 358 247 318 160 309 409 444 415 174 478 21 79 14 356 486 44 97 238 176 447 450 239 41 418 26 123
265 86 434 305 119 297 403 197 309 273 131 391 249 305 13 80 257 428 364 83 157 165 125 430 76 297 415 356 148 405 13 237 319 88 133 81 181 272 120 276 106 397 352 5 115 401 288 4 187 453 221 195 222 188 289 137 121 364 373 277 313 350 396 28 216 141 491 400 433 271
122 496 425 442 24 213 372 294 361 115 459 313 196 96 348 76 54 232 466 247 169 265 255 19 347 491 219 161 289 256 55 174 44 396 236 16 231 316 335 271 184 471 124 444 278 247 70 397 359 238 246 174 473 50 398 176 424 150 3 306 77 348 4 308 356 272 142 109 418 174 365 460 145
133 168 329 323 182 138 221 41 288 289 481 127 496 280 67 215 395 238 79 99 86
259 340 310 483 476 42 373 489 338 118 18 252 420 330 193 204 500 128 355 337 235 214 406 50 263 394 165 197 403 89 458 464 352 393 314 51 104 338 113 377 202 399 104 256 427 450 209 176 69 210 252 413 52 248 431 335 410 379 217 242 381 207 182 94 268 250 309 432 152 421 299 164 57 180 97 246 277 471 462 99 260 486 308 330 180 486
58 171 262 483 278 127 406 73 337 433 339 328 131 83 497 370 170 276 296 284 126 317 352 469 399 441 34 491 110 68 214 57 280 450 82 439 200 220 75 173 283 454 392 209 341 59 146 357 375 72 35 366 99 309
318 415 209 324 147 98 271 96 99 401 499 499 251 165 9 34 342 439 125 274 144 368 157 479 392 426 418 125 417 253 47 125 75 66 216 355 357 204 473 136 142 473 145 83 41 492 45 159 484 206 67 436 352 191 208 418 333 266 86 337 456 266 106 84 317 138 114 424 426 265 140 274 340 145 146 242 283 179 143 136 391 479 483
378 133 256 101 16 394 312 222 162 244 207 35 292 191 132 9 498 44 295 103 306 236 169 260 316 54 56 324 213 374 50 416 20 170 154 410 132 244 95 467 199 180 216 79 203 106 268 291 287 336 420 207 310 422 394 471 490 46 290 264 58 73 421 375 376 356 268 125 234 192 104 379 170 38 260 474 116 239 117 284 441 216 479 135 92 61 241 57 437 82 32 297 207 306 368 176 17 375 324
357 188 224 490 206 461 474 79 493 215 317 107 33 402 71 488 299 133 229 461 457 106 206 311 467 444 37 345 292 226 364 208 277 9 226 296 161 110 370 409 351 336 120
165 243 208 138 53 310 450 441 44 231 159 121 139 230 336 327 245 16 341 280 385 146 51 107 449 117 330 324 48 121 91 184 213 340 210 71 140 151 175 235 22 9 466 460 113 124 444 316 170 398 327 355 190 305 232 36 499 175 229 341 188 468 432 310 181 284 237 354 324 420 85 356 319 325 361
92 285 447 202 282 118 356 409 447 43 433 105 334 246 176 64 158 442 428 415 196 21 435
290 28 119 18 354 424 297 140 434 162 98 150 19 194 383 375 409 20 118 478 278 392 387 253 283 187 21 463 112 345 217 316 203 105 462 173 62 54 125 295 129 228 202 302 462 224
165 205 382 340 316 284 240 175 5 114 463 6 231 252 10 158 487 405 192 139 190 31 239 402 480 391 322 125 105 391 306 26 333 342 270 158 266 392 62 77 66 333 311 356 445 267 476 27 301 226 61 254 144 274 179 327 391 380 132 433 258 452 99 89 347 332 448 178 64 311 489 89 270 291 338 168
126 269 431 112 423 155 334 240 119 266 293
48 288 148 293 461 498 346 501 446 59 223 268 121 339 46 93 160 131 237 90 223 477 99 283 249 165 318 356 229 237 69 235 112 92 137 276 328 436 195 440 88 8 120 121 103 82 108 347 223 293 253 231 120
274 30 139 214 151 217 247 442 112 367 147 367 119 132 104 313 360 314 303 471 119 27 199 425 384 486 280 110 124 398 402 99 246 386 26 183 22 185 58 243 495 247 311 430 302 97 158 51 234 65 399 20 432 163 91 14 176 45 182 331 422 33 169 152 501 298 281 152 211 184 190 34 466
189 193 142 296 473 271 338 322 202 385 406 211 404 279 348 198 490 89 461 494 147 251 495 338 281 470 75 245 324 391 130 385 262 392 232 444 75 96 412 438 434 331 304 216 39 385 321 446 258 432
59 422 17 55 51 93 448 143 174 443 341 254 348 10 431 307 173 77 78 129 142 214 168 232 70 126 320 193 429 441 489 8 75 304 198 408 421 295 176 355 348 99 260 201 90 124 359 381 482 358 254 432 318 186 381 175 117 111 104 483 359 433 258 237 214 314 38 328 460 410 472 406 138 303 397 489 96 360 474 11 315 360 322 495 412 271 386 162 389 452 124 501 83 219 15 169 368 296
414 429 477 445 235 450 46 17 469 248 7 44 176 264 11 446 318 461 47 409 62 461 457 93 341 270 164 357 272 159 152 214 493 178 237 193 120 400 442 176 135 327 482 156 293 392 277 183 434 246 246 500 499 438
135 5 220 419 358 317 81 205 51 139 116 447 121 413 108 494 117 55 136 54 197 348 188 337 36 250 75 388 154 390 57 289 492 142 300 456 364 323 262 187 158 332 300 325 382 393 114 489 292
249 189 446 159 143 378 132 10 184 28 75 119 428 193 363 423 7 227 399 127 355 348 111 230 155 110 451 241 432 16 10 269 382 18 309 260 450 22 28 384 271 137 56 320 382 456 358 29 154 445 206 86 51 194 302 67 313 255 313 151 212 108 206 210 395 440 158 410 334 376 136 181 146 102 482 298 464 456 89 280 177 498 410 398 219 353 177
85 238 287 51 41 10 341 438 412 338 315 231 498 207 276 187 17 355 464 72 32 27 372 369 76 474 303 50 169 53 102 179 48 8 467 465 359 73
250 73 425 147 468 206 236 359 127 388 126 96 37 496 168 67 241 474 331 261 388 42 242 355 181 267 45 291 484 9 274 157 234 405 218 295 372 481 70 183 258 94 318 335 260 174 367 37 81 303 170 275 321 325 321 240 249 135 51 235 377 406 352 208 78 322 134 21 211 433 245 368 78 451 11 7 393 274 60 230 437 114 150 120 137 488
329 403
266 135 317 328 85 106 502 248 208 182 407 207 405 404 166 42 91 440 216 4 212 389 464 16 22 139 454 249 317 326 273 456 408 123 234 344 178 268 314 366 443 335 294 68 95 333 143 115 499 218 305 301 23 388 293 232 283 157 295 466 184 61 372 167 237 207 295 353 280
90 489 278 458 4 93 195 51 267 120 109 64 321 195 254 192 26 293 463 19 280 145 194 102 501 99 245 453 9
132 477 488 63 187 302 479 5 459 234 137 356 236 347 426 285 189 437 356 340 35 249 454 86 441 498 271 295 472 313 453 256 329 226 174 286 398 364 103 120 196 395 40 256 255 212 329 353 212 146 312 65
343 232 142 22 145 258 306 443 65 132 272 219 64 379 361 241 490 466 426 67 60 410 292 359 336 446 94 11 58 125 274 272 178 474 111 144 274 275 406 237 381 451 486 417 36 87 365 117 98 245 284 11 71 414 502 435 311 198 471 414 90 229 68 15 51 178 249 364 71 276 434 176 24 322 18 449 326 334 251 96 29 219 255 291 15 173 145 66 149 424
339 421 376 156 496 340 310 410 445 412 379 267 137 162 395 214 20 160 149 471 138 21 398 51 171 278 92 483 160 413 420 378 376 202 381 293 399 295 244 308 352 236
403 494 319 409 73
323 102 221 439 312 292 113 215 220 330 186 200 476 112 166 497 389 493 338 424 445 342 410 355 29 226 187 185 436 171 290 485 308 494 321 401 361 287 310 211 483 384 356 123 399 344 196 378 205 390 443 74 143 146 446 270 442 17 149 398 70 165 423 350 87 158 206 230 200 161 270 220 416 303 192 323 438 291 36 363 222 295 361
221 202 52 322 36 434 470 387 212 272 195 108 9 397
157 412 220 325 249 128 31 259 276 179 7 292
70 227 384 352 283 13 30 129 139
79 415 229 132 409 256 322 35 44 282 224 52 97 55 167 362 400 295 289 88 350 449 276 363 405 298 116 103 241 314 345 426 365 316 434 121 496 208
103 201 48 241 418 190 65 325 37 264 408 401 464 229 407 217 41 101 452 226 223 118 244 125 159 24 183 281 452 184 429 108 148 427 335 287 263 23 424 64 450 458 356 118 315 66 474 210 371 246 455 3 166 303 389 69 258 22 190 182 407 296 211 17 158
183 389 345 279 175 69 494 332 225 148 113 224 21 220 486 146 82 7 223 414 314 254
191 23 452 191 167 63 106 127 356 138 369 502 482 54 429 16 378 197 55 290 21 446 190 410 203
381 249 433 283 229 445 444 454 376 408 191 226 319 231 407 221 76 31 201 416 434 412 266 427 144 25 95 499 9 50 96 18 390 363 220 501 137 127 118 22 408 169 492 324 257 139 95 27 230 205 373 283 13 338 492 45 469 166 381 240 88 320 98 72 81 274 152 478 451 291 440 354 481 319 219 122 72 446 483 444
404 256 19 278 48 164 285 459 269 220 117 75 382 5 180 71 222 389 8 344 436 124 105 461 290 466 427 490 224 119 500 112 373 7 130 208 356 402 237 179 263 95 174 188 17 203 140 464 57 260 288 176 215 80 18 206 83 317 104 459 212 399 335 52 115 383 188 448 228 371 223 208 245 486 382 172 120 352 207 382 434
152 110 336 265 120 269 368 17 217 420 115 74 297 442 394 65 379 241 495 434 300 149 393 353 90 388 320 198 3 132 135 287 433 357 85 144 32 210 218 270 299 204 46 367 162 498 372 114 180 479 186 432 390 257 10 245 112
222 5 44 492 20
449 35 477 286 412 43 456 153 244 55 72 225 481 37 373 46 154 382 498 91 29 196 188 31 428 403 279 121 408 123 95 447 119 166 36 80 19 305 143 168 325 276 405
51 201 262 32 380 301 381 48 244 424 103 262 16 502 289 162 12 110 213 399 191 289 193 75 402 247 173 408 340 499 205 411 11 306 460 227 497 148 251 8
193 429 150 309 472 6 322 22 120 399 91 114 198
452 218 157 9 357 375 87 13 238 63 318 80 219 382 443 332 25 127 185 379 176 271 383 397 312 388 192 290 444 18 313 335 114 166 302 33 303 201 152 309 499 322 452 181 108 447 502 113 403 463 268 374 327 109 52 500 418 4 150 216 162 330 168
400 59 494 26 393 292 202 190 362 279 400 161 209 66 231 443
343 375 331 447 98 499 426 187 487 139 394 249 5 26 95 434 10 289 273 294 464 416 185 334 405 178 261 373 120 60 242 30 298 13 85 228 40 33 475 241 90 290 250 146 395 122 252
247 303 291 494 150 38 178 385 369 101 205 446 176 495 335 44 239 392
311 343 463 384 211 234 5 368 494 232 25 338 68 54 154 183 223 284 398 473 197 383 385 456 338 284 293 424 134 212 183 261 23 227 431 192 299 167 369 63 26 239 135 358 150 334 36 116 495 329 65 471 36 178 374 105 232 399 271 169 314 278 399 419 233 54 371 238 460 247 194 79 78 369 290 429 3 303 408 429 280 412 111 478 253 92
378 404 437 229 403 403 9 400 57 337 285 96 281 220 353 172 411 233 165 15 313 165 300 315 357 299 96 15 141 406 299 181 276 182 442 5 476 307 122 28 202 362 59 4 243 107 415 170 251 79 248 383 59 135 231 333 388 446 273 180 499 9 152 86 328 15 389 156 208 421 228 357 422 203 400 415 77 214
140 64 103 430 8 285 88 130 133 241 332 181 82 170 403 155
483 180 109 256 487 161 209 83 113 479 45 30 266 383 471 157 286 204 447 158 75 220 355 181 470 454 48 42 155 261 56 219 118 105 336 328 478 119 223
420 17 404 14 439
145 79 143 328 325
9 213 396 55 194 493 357 123 274 204 73 489 171 325 382 396 460 342 329 245 274 457 134 209 118 23 76 339 100 241 363 458 308 329 318 385 450 235 244 151 218 55 237 23 404 55 439 164 294 235 241 336 61 489 354 463 87 357 340 355 437 409 249 216 118 125 328 426 171 113 14 365 234 208 366 270 288 392 499 319 7 93 205 270 415 209 464 94 383 226 394 69 444 17 293 322 402 299 461 251 293
282 183 434 132 156 455 12 145 406 456 8 258 499 422 131 100 112 474 423 391 483 107 244 108 291 433 472 152 399 70 482 402 243 106 223 490 408 52 119 281 30 138 424 392 67 198 207 142 265 236 241 103 173 69 238 346 11 184 138 188 406 172 486 83 67 235 358 389 372 390 266 8 64 67 66 388 263
14 48 421 111 363 169 13 441 186 405 306 174 485 321 399 497 121 405 411 419 132 253 216 372 110 470 454 393 17 398 236 53 84 114 438 387 300 132 317 132 396 484 348 82 269 228 132 325 364 102 70 30 178 324 125 329 318 80 441
342 487 426 25 28 209 485 490 166 86 72 138 49 446 494 413 451 307 15 101 94 455 239 354 404 282 22 493
468 242 251 431 413 197 45 76 380 132 200 424 111 472 328 152 82 268 357 342 277 52 373 437 209 408 120 45 495 412 98 471 59 343 287 460 31 85 14 246 85
479 257 333 78 356 103 500 477 283 378
407 367 249 125 380 142 354 396 357 106 141 272 430 210 480 326 180 278 134 52 324 437 60 111 99 204 395 140 446 355 28 273 94 175 220 144 415 92 400 474 68 53 16 351 433 319 129 64 122 129 330 260 457 408 61 349 304 335 433 412 378 271 311 402 291 75 100 185 498 399 5 404 128 32 340 314 203 303 472
236 446 461 48 397 169 66 429 52 491 489 460 347 133 452 187
480 59 65 229 267 301 293 339 283 51 30 309 421 465 152 278 440 356 350 273 266 328 277 456 96 268 52 401 431 159 191 9 499 159 48 346 326 411 54 192 426 172 419 465 301 41 91 317 43 337 47 216 479 41 43 160 303
96 305 164 20 475 294 138 463 7 363 402 256 404 464 310 315 284 79 372 323 334 235 413
459 318 406 461 416 254 148 307 275 403 78 30 63 117 113 262 230 344 415 488 489 439 483 320 256 425 414 469 259
63 450 442 208 168 150 60 301 343 61 313 101 33 244 34 78 299 428 330 288 400 46 130 254 298 13 376 444 241 124 78 191 118 72 131 264 250 346 174 5 187 48 366 481 495 52 240 454 294 397 299 156 153 339 199 369 135 95 292 170 498 21 368 334 201 221 291 439 454 456 177 483
118 34 37 148 76 151 393 116 267 173 7 6 53 117 166 252 147 90 274 93 182 230
430 439 303 216 490 178 21 185 306 118 501 41 138 204 316 226 23 34 331 270 221 85 476 168 259 269 243 245 252 268 63 378 60 136 273 193 179 244 127 420 77 341 298 22 437 233 460 408 452 439 411 137 14 94 289 386 221 340 188 185 192 34 473 456 231 256 260 283 292 290 443 17 191 98 195 384 336 147 202 82 92 452 360 76 201 192 363 288 379
30 233 429 419 300 321 353 70 140 49 8 352 134 111 446 414 210 141 56 21 394 272 77 374 102 484 470 243 299 401 3 168 365 117 203 265 274 453 114 91 84 159 498 483 392 47 327 353 255 279 495 45 89 193 304 67 334 443 278 300 112 25 367 165 232 329 33 147 296 289 105 118 169 463 136 499 370 418 296 465 395
89 173 135 195 377 306 446 123 373 161 483 84 348 487 195 417 395 342 342 482 86 398 110 202 332 349 245 223 202 360 238 43 303 401 392 327 176 260 66 295 441 50 133 96 151 182 36 420 25
489 275 357 423 118 339 490 111 403 147 318 402 452 5 250 168 72 27 53 95 233 477 379 425 316 268 160 261 91 410 347 435 76 3 273 341 380 11 99 106 251 474 8 36 399 119 429 380 209 434 145 204 188 196 190 411 450 219 412 339 194 166 25 310 482 222 368 3 175 114 432 151 152 119 9 233 405 30 92 63 251 332 326 61
391 6 355 359 324 199 389 256 480 145 252 26 459 119 123 95 4 391 421 488 287 348 65 145 153 232 138 275 215 268 197 106 421 236 12 153 188 291 129 471 74 14 365 3 95 321 78 415 331 460 448 342 256 376 400 160 406 203 321 330 472
308 483 214 335 345 219 241 288 34 135 152 92 360 335 360 95 316 66 495 291 239 314 287 433 228 492 75 457 151
208 425 483 448 36 205 465 351 456 93 470 105 77 42 390 355 466 21 402 251 222 414 22 454 155 137 105 453 296 413 138 30 180 365 56 69 378 213 185 495 202 14 452 370 164 409 19 205 357 394 185 171 276 72 113 322 311 292 229 12 174 445 43 469 363 27 86 22 480 341 200 125 209 486 35 256 113 425 302 372 87 105
388 283 179 415 180 165 429 138 308 12 499 275 89 140 500 463 251 471 458
238 166 427 319 250 49 434 8 338 322 144 22 305 191 404 31 293 492 468 28 291 178 332 416 313 118 213 135 269 138 212 284 482 444 208 86 457 204 450 449 366 469 238 435 275 350 385 17 376 469 6 205 486 90 382 378 216 66 377 461 78 320 60 54 400 440 253 59 169 211 331 452 399 426 102 470 335 216 56 243
332 229 160 381 330 253 173 242 482 56 192 212 423 407 258 308 51 267 292 72 32 83 440 90 461 322 261 60 183 115
14 160 448 259 442 377 335 315 44 279 361 77 411 66 386 119 288 264 86 174 73 5 290 152 460 215 362 350 52 37 99 91 394 283 264 72 252 470 44 350 456 107 267 84 414 350 246 459 319 386 148 67 247 20 164 475 179 328 196 227 42 39 103 125 138 318 355 321 275 99 187 500 82 286 57 265 378 245 381 263
383 99 68 420 315
413 464 193 60 495 125 128 107 337 98 324 389 448 246 110 450 445 12 373 395 226 427 117 476 352 18 355 13 392 363 405 117 170 114 331 339 165 122 254 441 110 313 90 60 317 182 447
220 169 356 13 235
364 275 200 465 129 244 381 126 128 501 369 165 396 70 70 55 330 365 488 318 39 253 36 28 11 321 243 270 461 35 450 248 186 482 356 144 486 403 144 487 321 147 387 169 300 74 409 261 316 281 420 82 267 328 401 413 150 380 465 425 101 419 276 252 479
10 222 499 456 312 26 119 94 317 95 469 214 408 123 426 68 130 66 196 35 476 44 266 321 145 350 433 26 339 272 354 484 171 128 11 447 427 329 378 451 61 365 217 273 120 429 451 38 113 414 363 55 283 220 56 475 255
52 314 92 312 275 301 473 46 229 354 449 318 225 334 39 5 250 463 334 351 223 25 251 260 325 154 130 470 372 127 500 86 308 157 46 241 335 241 110 45 444 58 396
234 413 29 426 293 55 118 59 192 91 62 165 193 478 57 315 208 377 471 70 241 289 122 212 142 129 391 319 379 447 98 25 222 91 133 327 342 138 491 450
362 69 179 294 465 410 164 314 134 425 477 147 370 130 205 341 258 424 68 158 141 88 435 178 311 360 228
495 206 4 463 489 291 24 451 376 34
427 231 179 193 271 186 373 198 255 155 420 493 405 337 110 442 307 480 343 121 195 116 174 272 230 229 366 410 391 468 104 125 139 161 142 139 120 462 378 466 155 484 130 419 462 293 252 402 208 23 177 254 371 323 500 481 157 155 294 468 285 270 64 220 381
461 364 403 307 247 497 151 65 397 48 239 420 209 91 172 63 383 32 181 31 153 268 367 495 309 311 399 8 206 440 35 148 300 263 95 288 139 40 211 21 342 326 182 11 170 402 107 223 493 49 140 128 257 36 210 86 369 219 383 130 366 319 172 432 241 417 129 115 370 273 305 48 169 446 370 89 322 176 86 54 267 241 176 480 5 438 219 460 281 453 176
245 240 412 362 306 62 209 466 146 101 173 319 97 471 237 387 493 149 23 89 32 169 255 64 204 487 186 56 443 190 42 75 358 190 411 242 115 184 251 432 417 77 215 496 418 80 418 441 404 32 470 22 141 420 134 223 438 284 375 51 213 82 229 28 109 154 475 104 153 231 449 80 351 443 13 387 181 446 219 320 64 214 44 8 63 139 240 48 364 382 348 323 403 445 252 79 483
294 334 179 457 461 152 444 305 471 209 494 231 214 475 269 84 475 95 102 183 169 386 123 263 419 31 403
301 257 377 259 307 405 246 392 230 380 245 427 87 492 462
467 213 248 485 281 273 225 401 316 468 387 451 239 329 422 149 273 172 39 107 184 247 356 431 417 434 214 149 342 97 239 18 378 298 416 293 66 159 35 40 129 168 20
499 197 355 357 438 425 148 37 442 234 232 54 472 488 195 436 218 364 215 30 152 178 262 114 444 292 354 272 481 382 375 62 262 403 286 19 212 145 5 230 183 305 224 166 321 414 25 47 345 385
354 398 330 359 115 90 66 438 351 179 39 206 451 415 86 98 428 76 153 363 324 451 200 329 64 181 101 263 330 267 397 450 452 348 240 498 473 416 285 314 393 85 226 212 169 255 466 226 283 101 250 370 180 220 327 347 32 499 400 41 141 333 312 44 396
501 453 452 364 336 248 279 374 449 204 432 190 178 20 244 114 128 142 267 10 255 152 57 21 192 43 394 218 354 242 237 115 39 358 106 338 495 325 186 409 11 393
72 232 243 126 477 409 462 179 119 325 98 170 478 82 114 227 65 339 209 3 257 462 224 104 248 357 171 242 242 24 311 498 152 98 192 203 496 304 103 274 488 395 41 415 401 217 482 299 252 68 58 325 73 35 74
184 384 287 303 244 32 349 349 159 414 437 149 458 408 274 437 184 207 491 440 64 231 119 209 287 350 412 183 109 281 198 224 221 91 13 364 357 276
182 9 321 199 96 285 105 197 470 16 370 391 215 45 313 213 46 326 149 83 283 487 206 44 453 337 341 114 82 470 68 279 352 132 423 336 320 322 110 297 105 271 484 10 374 419 403 277 53 312 355 384 50 500 150 224 270 466 278 501 435 422 302 379 192 430 372 468 55 243 129 33 147 74 376 479 184 74 7 378 427 251 183 53 260 336
154 197 170 380 59 500 132 83 474 118 357 76 221 426 86 151 340 231 375 469 434 133 144 143 488 238 96 193 319 278 423 89 310 458 442 136 118 358 345 487 256 363 123 34 95 11 411 353 206 219 62 270 294
83 412 463 474 272 438 79 440 399 327 113 180 124 349 40 125 18 437 149 339 27 295 460 27 83 146 367 209 197 485 165 456
188 152 212 316 235 204 48 209 145 442 217 465 67 428 104 316 211 231 112 410 44 173 142 183 332 128 177 381 264 362 8 222 439 120 413 144 64 476 495 328 172 271 106 286 130 472 68 241 78 269 17 239 311 328 410 40 394 318 237 234 62 60 116 240 169 6 342 449 87 141 11
98 422 139 286 357 405 164 386 48 392 388 309 304 120 331 390 406 352 36 12 133 74
269 490 499 116 211 299 93 38 228 394 458 70 463 342 95 441 311 256 377 414 75 370 344 41 158 75 440 265 345 144 255
190 314 444 370 349 296 181 231 340 166 187 436 167 384 259 5 47 470 69 128 108 79 10 117 370 400 402 296 94 417 18 429 213 171 72 57 483 173 140 77 238 128 304 12 268 43 299 303 219 218 422 6 177 433 92 18 186 460 119 452 340 293 495 421 321 153 352 365 328 48 148 147 229 203 143
463 315 268 22 306 51 164 209 450 201 395 145 56 330 103 390 498 123 306 127 329 487 468 263 215 207 12 466 102 249 72 169 192 437 454 121 12 416 90 434 328 379 53 25 5 111 199 118 51 387 463 352 80 221 428 173 231 376 471 17 223 407 492 302 195 315 101 488 269 170 478 402 401 273 142 125 44 103 405
412 431 397 386 256 51 292 266 487 119 127 360 254 77 483 28 183 75 240 217 370 207 129 461 27 211 432 286
83 319 197 413 331 106 102 320 258 21 378 14 359 8 381 4 19 58 460 135 245 153 12 213 216 36 323 38 373 251 283 179 224 215 197 414 392 433 171 79 283
59 278 27 243 168 395 77 48 281 226 56 469 222 187 59 176 420 71 256 485 14 144 129 237 190 41 253 464 404 376 416 448 245 325 330 377 6 59 30 117 75 375 369 367 488 168 285 422 388 21 254 192 310 129 496 223 26 50 137 60 222 402 117 30 49 48 151 295 4 65 66 391 276 420 232 421 32 149 252 89 173 128 370 351 370 70 403 156 116 310 211 500 243
459 329 182 80 72 284 342 257 382 224 245 415 55 63 52 493 390 100 266 174 50 228 322 465 223 232 323 416 77
7 430 199 16 5 314 18 216 144 230 412 80 472 57 414 168 259 309 80 275 60 320 141 374 411 155 162 60 471 430 392 424 310 151 469 415 189 42 30 351 477 427 171 44 402 233 480 270 30 456 161 248 331
478 244 308 237 417 483 489 234 105 186 177 45 97
18 228 163 271 476 355 239 457 389 198 71 401 185 169 60 12 352 299 91 438 46 94 470 31 174 27 324 25 452 154 47 411 309 397 7 440 89 437 351 176 269 369 330 51 396 312 49
117 64 42 75 84 56 495 486 79 429 303 469 16 384 496 111 452
334 382 454 481 131 461 66 254 32 260 214 255 127 286 207 326 381 288 488 180 400 87 27 221 67 498 129 196 17 310 86 336
490 396 275 436 483 313 498 7 330 225 379 26 185 268 466 234 338 248 166 488 347 251 208 141 70 396 420 408 36 393 258 192 456 51 308 334 462 10 61 195 163 327 198 343 112 122 347 11 364 208 382 241 6 161 202 426 271 363 195 129 218 16 130 251 334 114 120 204 422 195 13 327 224 141 117
337 495 24 240 252 133 29 240 97 226 138 183 93 230 35 373 169 108 61 19 215 213 268 460 84 150 462 225 131 33 307 99 364 383 73 27 128 388 422 195 151 495 309 150 333 195 20 261 184 499 208 256 38 408 427 401 369 225 100 231
275 208 483 341 27 47 140 476 257 398 114 17 233 226 287 120 423 105 160 276 494 42 416 22 311 107 188 38 291 381 259 119 322 156 315 107 24 57 221 387 372 354 85 306 187 109 135 65 136 68 125 24 293 239 161 222 342 501 442 448 317 316 479 242 218 133 357 353 62 477 115 428 280 399
470 471 494 313 38 330 71 472 57 34 203 11 211 95 460 470 443 69 403 110 344 122 152 148 420 275 275 336 130 123 143 55 496 86 475 129 66 119 347 467
467 205 118 389 340 80 116 360 439 171 359 6 470 249 14 208 226 467 146 119 455 104 485 229 55 60 322 364 203 21 149 477
152 158 413 146 432 232 165 397 355 467 112 247 120 192 225 17 200 268 349 173 241 277 320 187 163 431 480 456 46 271 419 356 481 359 256 130 404 286 212 68 199 391 319 398 367 93 249 21 456 219
81 115 123 301 471 212 280 76 149 269 372 88 145 178 143 386 329 174 79 132 429 377 103 144 354 380 180 120 237 383 271 367 75 169 148 279 83 391 100 326 288 121 465 411 10 416 400 79 203 304 98 341 142 43 24 174 187 333 476 157 278 250 31 187 456 139 73 260 32 493 263 442 81 430 363 361 182 331 385 344 250 463 494 175 502 7 72 409 392 321 192 200 476 29 156 174 363
501 99 419 417 153 325 36 367 119 311 151 408 239 485 265 273 178 148 14
344 222 291 104 488 275 115
185 495 334 64 332 71 328 271 156 344 172 502 93 15 210 501 139 282 203 278 49
97 257 418 449 62 487 352 389 289 77 500 244 495 385 300 68 342 117 273 231 362 501 151 209 125 480 66 296 188 45 340 421 406 253 279 103 392 325 105 441 385 275 405 60 371 44 135 423 180 324 362 111 305 438 480 342 431 494 203 304 128 379 98 249 288 190 375 209 262 146
269 192 279 343 372 317 246 351
461 64 6 153 113 237 32 431 354 366 460 357 468 175 283 167 359 138 295 271 346 409 154 312 131 153 226 271 84 68 156 51 94 415 500 344 32 232 96 37 352 110 116 458 62 386 490 374 199 497 70 360 45 376 72 406 118 274 397 500 5 238 496 347 292 104 469 390 281 365 486 373
79 97 370 171 118 302 435 188 37 105 326 140 116 15 196 41 283 209 77 302 47 212 69 212 367 110 245 22 492 367 27 233 224 365 53 90 356 264 418 452 80 228 136 72 135 447 179 371 169 243 40 27 382 327 467 217 436 53 256
329 194 324 368 497 450 216 392 304 485 152 438 295 371 339 347 128 330 374 396 473 136 315 120 385 465 297 267 149 357 444 15 17 280 297 48 361 86 498 305 361 359 115 123 124 373 154 64 350 4 108 77 119 41 210 94 235 380 11 434 190 122 405 258 307 496 298 461 439 493 283 207 216 418 442 332 333 406 182 74 129 197 437 31 368 215 37 349 61 127 87
448 233 331 280 380 82 220 430
267 123 253 68 309 64 196 182 32 246 255 484 152 183 139 401 226 356 108 470 342 471 411 4 221 166 338 285 98 357 328 240 405 300 123 474 390 463 226 227 377 353 420 384 383 105 279 23 287 342 475 208 162 154 295 247
379 59 3 486 382 129 32 452 9 393 316 457 61 14 245 439 286 345 122 62 188 187 495 218 283 123 447 254 366 342 104 276 366 283 139 271 446 73 334 272 160 35 404 93 227 64 282 10 310 426 316 20 62
486 25 199 105 187 488 402 264 407 194 475 29 236 373 415 466 75 445 317 43 191 146 419 236 327 236 19 454 43 378 37 35 160 117 84 292 297 214 68 93 379 298 158 90 212 56 216 95 327 290 249 177 124 326 435 329 114 291 293 28 84 309 279 191 374 137 278 427 169 183 254 71 243 228 248 250 432 494 321 281 319 11 117 340 110 432 306 282
180 389 76 305 413 95 133 14 417
322 501 80 132 163 462 88 354 121 391 467 351 41 82 469 276 75 118 201 300 498 225 170 155 14 160 227 349 115 450 71 279 158 210 186 478 198 101 194 396 119 32 176 302 391 217 80 212 190 396 282 64 296 174 341 366 27 317 356 8 17 112 198 71 430 462 171 122 132 309 435 247 49 186 193 403 260 288 336 97 3 317 341 378 492 85 265 190 472 411 228 305 82 203
258 500 333 500 18 438 438 267 16 326 136 23 89 41 342 452 471 220 354 279 45 93 270 309 276 407 421 476 33 268 23 335 327 291 90 476 442 117 272 326 443 315 309 304 112
47 138 50 431 172 89 396 132 206 63 463 247 173 444 459 237 428 116 455 91 102 397 318 343 398 170 430 302 86 120 266 359 466 497 155 233 353 324 431 113 206 395 126 44 467 320 365 459 409 203 251 494
349 161 223 184 143 187 81 249 450 241 144 446 45 275 482 239 205 77 92 222 126 133 392 330 391 220 447 299 149 125 460 203 118 153 185 395 371 14 176 41 234 103 305 138 360 244 162 403 339 72 375 268 336 436 454 394 423 465 112 102 374 288 498 465 221 342 497 430 371 195 182 355 67 399 94 139
49 386 250 75 474 350 469 291 285 122 395 170 433 251 450 254 364 480 20 79 459 401 183 295 28 229 56 20 383 127 260 162 266 20 233 473 303 431 234 496 65 290 306 5 388 151 183 326 140 77 251 295 372 381 30 297 475 79 411 81 372 296 421 184 111 429 199 409 292 143 59
259 266 85 173 195 320 54 124 435 319 217 73 155 51 442 20 440 341 162 225 226 317 167 209 128 354 366 299 281 317 448 71 39 296 53 178 109 351 62 141 92 282 438 253 288 167 218 215 164 314 213 108 450 404 311 200 490 409 412 448 220 420 462 378 475 222 399 283 193 401 401 409 101 397 309 474
269 352 481 258 453 443 386 424 58 205 187 437 202 202 25 310 7 397 291 378 262 305 148 358 298 51 213 341 389 126 461 107 446 16 131 348 462 149 158 256 494 127 291 332 88 131 165 258 294 81 187 262 410 199 80 29 278 473 421 450 334 248 438 306 220 173 179 355 12 111 37 263 180 308 369 338 40 95 191 167 366 296 124 429 474 133 418 439 337 448 448 322 352 385 168 151 65
462 395 82 279 341 73 15 65 289 232 147 89 468 44 497 333 276 188 223 285 40 45 220 26 337 223 409 498 109 489 46 319 375 302 428 90 413 355 116 77 322 332 240 428 375 435 106 159 478 189 171 87 491 66 25 111 468 39 260 339 211 380 79 447
282 174 408 66 173 244 276 169 59 137 91 406 185 330 224 412 387 480 476 242 155 438 166 398 143 7 109 319 176 326 442 302 189 29 89 150 464 349 360 103 112 21 195 395 325 232 380 404 134 493
72 187 88 39 315 392 286 239 219 215 203 277 327 423 130 169 246 144 238 445 247 284 433 88 367 81 120 431 357 386 384 185 72 173 35 427 121 244 77 303 294 144 25 8 362 459 9 183 489 335 371 325 466 387 402 75
10 4 311
48 441 432 276 310 371 447 150 4 142 45 315 369 266 267 92 497 186 99 4 220 285 371 391 311 187 259 286 258 170 377 73 434 469 500 420 138 460 350 493 196 83 45 354 124 450 372 331 235 386 390 482 22 133 44 65 210 156 16 135 449
340 118 354 322 18 322 338 291 346 464 53 31 498 320 174 164 62 139 275 379 217 370 108 360 42 217 302 280 88 347 192 214 309 421 331 57 260 390 145 463 62 179 138 456 125 121 133 199 360 62 144 451 249 191 216 497 67 157 309 262 307 23 217 489 470 57 436 210 274 248 391 292 122 272 93 103 206 454
313 62 499 450 495 101 489 314 80 215 298 6 279 440 182 138 369 380 369 254 208 134 499 171 45 352 224 501 52 238 217 296 120 346 190 152 226 400 394 74 194 500 304 412 360 160 485 334 49 395 275 472 393 315 103 137 297 112 325 389 405 217 43 137 104 9 336 466 26 471 321 478 150 493 362 88 384 142 82 462 88 220 192
178 199 382 408 414 251 257 340 98 54 469 181 258 330 333 387 411 159 286
272 89 78 77 202 286 89 90 357 81
260 329 201 156 118 161 185 305 243 335 99 218 11 351 56 147 342 122 261
192 323 404 499 456 387 60 191 461 116 24 173 254 368 20 494 82 435 107 191 160 150 306 113 124 313 14 296 467 343 98 185 202 50 290 261 21 106 474 361 376 219 341 181 47 100 19 99 83 124 315 34 321 95 16 119 125 251 350 470 5 44 201 276 337 352 479 361 91 121 176
201 438 120 314 31 276 224 313 292 87 168 432 244 46 363 498 54 90 385 271 333 446 125 231 63 76 352 53 444 410 171 489 10 414 415 293 356 363 457 249 308 266 166 174
145 309 102 331 332 109 81 113 116 392 231 407 439 330 370 372 417 169 129 337 237 53 32 392 456 82 46 328 414 156 74 482 357 306 284 329 453 289 47 71 184 56 94 429 73 394 271 363 424 57 27 68 142 49 442 316 304 387 251 433 457 164 431 101 156 73 436 70 408 203 203 389 181 389 473 337 193 227 414 408 52 491 367 446 344 163 362 328 465 85 326 8 477 347 111 201 340
152 54 279
207 244 14
173 204 396 484 53 434 383 123 98 210 479 71 111 488 89 440 280 282 314 79 259 411 463 234 13 199 33 226 207 445 51 275 94 332 79 180 57 361 208 444 37
192 162 166 179 320 22 423 498 308 150 133 489 396 226 3 419 411 347 333 219 343 436 301 226 486 214 61 285 401 253 94 7 329 468 463 196 324 84 249 199 149 101 62 318 16 128 44 320 450 79 312 109 462 240 219 197 376 11 236 281 419 260 121 457 271 210 330 458 449 61 441
365 180 33 25 15 146 161 21 110 199 209 496 475 285 448 96 321 284 187 341 423 299 386 272 379 471 36 350 499 203 5
426 420 397 230 337 81 267 105 50 46 293 258 27 158 213 161 125 437 472 427 30 180 175 67 77 497 471 182 145 323 23 312 482 345 208 409 237 493 77 191 9 131 26 35 68 495 425 4 370 73 252 155 181 158 18 387 50 124 449 280 448 176 38 150 216 303 179 394 470 483 148 131 323 374 182
188 170 382 208 85 147 63 101 145 30 37 220 70 320 138 199 19 462 56 185 327 416 266 488 100 98 35 331 64
83 84 87 116 84 61 45 223 211 234 142 355 420 130 452 367 109 61 297 453 181 401 142 170 381 214 436 370 86 201 307 350 470 215 169 257 178 405 186 379 296 472 86 300 25 17 124 158 17 18 454 246 369 123 347 109 223 183 94 471 349 229 12 346 489 8 256 79 25 121 156 214 357 366 465 114 102 4 335 117 405 341 423 136 314 311 342 177 239 86 184 500 113 176
377 312 460 433 318 398 228 482 499 146
338 222 144 446 479 254 132 134 56 128 445 476 229 163 210 320 117 387 71 399 319 332 370 116 13 275 297 114 365 441 22 451 455 445 363 66 45 338 422 171 401 54 67 222 416 290 457 224 47 431 102 302 45 56 229 220 130 254 393 392 103 79 478 293 10 349 289 214 197 193 48 359 109 333 113 413 351 415 177 457 425 458
403 137 462 69 491 458 130 101 375 134 298 283 329 12 213 493 253 475 127 134 330 462 343 25 464 380 364 406 487 192 101 465 38 215 263 311 24 51 37
182 208 475 256 378 284 130 444 71 117 477 79 149 28 428 260 255 231 384 95 213 86 216 347 179 252 340 350 316 313 186 493 467 183 249 162 105 88 223 475 213 17 287 115 156 443 23 426 177 120 225 329 208 77
358 385 333 224 424 417 86 299 79 273 442 407 237 86 370 494 391 143 300 105 483 430 311 406 32 297 486 345 156 91 432 188 16 372 45 212 102 204 371 179 91 12 443 410 330 481 137 294 188 130 20 408 238 375 241 78 372 146 346 241 47 22 400 273 385 213 493 99 404 286 170 399 53 67 384 31 182 350 455 422 409 257
152 173 432 493 261 33 141 281 405 481 316 18 475 228 160 437 43 39 24 450 115 270 21 5 127 313 80 72 341 112 55 237 445 378 423 266 31 24 121 43 404 156 195 54 246 301 90 59 52 270 190 241 9 271 15 502 26 56 442 164 28 477 267 68 347 414 10 98 67 33 20 285 87 321 152 64 332 264 82 348 95 407 233 347 351 374 220 78 53 191 277 213 447 28 231 282 294 119 283
27 310 152 424 412 236 451 81 59 215 110 119 338 422 187 192 191 385 447 109 165 230 299 3 139 481 388 494 148 32 476 95 56 170 132 121 405 259 240 420 241 359 369 147 7 188 197 288 171 414 376 440 227 304 29 245 448 224 424 83 370 451 305 430 406 127 414 388 239 52 301 123 215 291 221 436 375 345 164 325
317 403 309 397 188 352 323 367 413 21 273 323 109 428 348 196 150 460 322 440 416 418 12 497 410 268 105 373 295 28 387 364 271 129 390 152 452 198 169 8 198 250 333 191 478 39 35 284 44 33 465 219 254 370 379 66 455 52 404 325 313 162 299 419 460 456 460 423 226 351 263 195 76 78 403 31 196 76 69 271 455 109 283 423 151 54 296 276 172 373 351 316 287 405 92
401 321 202 371 103 382 255 194 360 3 445 447 121 63 206 130 5 421 277 122 86 226 53 388 95 242 498 170 89 207 92 232 383 45 118 275 157 200 211 50 287 316 324 391 9 70 275 456 43 126 214 309 267 373 214 225 465 452 321 72 61 407
26 38 317 80 51 92 243 493 62 234 484 4 86 317 307 218 345 32 95 485 234 86 208 309 462 265 271 231 293 133
446 306 35 297 496 395 13 278 252 380 79 162 379 72 133 331 237 396 52 333 92 357 209 286 142 29 379 274
64 62 337 25 307 397 342 108 52 324 336 53 226 164 327 222 386 227 387 78 339 430 15 248 431 285 254 227 150 388 282 103 53 301 424 324 316 448 363 413 210 250 271 123
406 40 262 359 229 374 434 286 501 156 117 207 277 215 350 496 473 441 451 482 486 52 419 240 376 302 206 15 482 436 229 444 15 329 387 40 435 429 477 110 486 402 169 263 421 229 253 474 460
58 364 52 20 363 293 436 239 252 216 450 498 168 355 347 202 471 242 233 142 9 447 499 448 163 461 316 425 448 133 480 212 108 362 477 294 155 315 260 118 81 432 223 365 399 190 377 278 323 225 156 397 245 323 177 75 254 26 130 253 152 197 254 131 432 276 145 164 328 207 306 101 408 49 25 243 287 219 303 53 265 487 60 331
407 440 322 230 256 432 349 346 224 10 334 395 160 339 12 168 498 424 48 180 230 388 322 477 236 267 281 335 191 432 424 304 387 369 274 365 345 157 31 464 394 19 43 413
351 222 60 38 52 124 244 68 418 78 393
208 484 112 216 310 215 384 474 214 478 403 347 185 418 201 409 255 366 91 334 231 196 448 306 35 22 145 345 199 211 362 230
90 168 329 343 138 119 31 24 488 167 250 56 177 453 37 187 242 488 235 146 14 436 359 67 320 45 432 309 195 362 402 226 193 146 486 467 484 354 320 404 28 295 184 299 389 374 261 188 14 4 422 376 201 496 388 259 463 266 302 468 467 396 271 61 435 459 255 206
154 386 397 285 90 252 395 47 65 70 74 127 399 250 423 138 318 414 338 360 466 177 314 231 489 190 461 20 119 367 104 59 449 54 491 328 11 487 360 173 381 364 269 451 425 119 260 78 273 100 459 120 431 293 295 389 315 489 469 347 187 388 276 85 324 61 248 143 274 427 456 64 375 488 87 230 96 461 190 303 7 193 155 402 494 296 193 100 440 320 150 271 353 20 87 431 415 304 61
92 328 24 161 349 393 150 153 75 353 339 399 157 87 401 396 83 257 273 461 202 126 317 489 132 24 454 5 446 222 38 270 28 489 442 45 47 415 422 51 190 255 273 155 196 14 312 424 392 316 51 316 203 241 376 48 196 273 277 483 380 294
286 477
215 56 464 189 372 221 68 369 238 89 397 358 457 173 172 452 194 187 440 109 309 483 322 420 488 141 198 170 133 440 278 368 178 34 282 181 267 375 405 125 24 102 426
309 47 157 374 41 328 45 130 267 75 471 203 233 322 306 421 212 321 446 134 334
430 342 76 211 353 300 458 251 60 367 309 143 106 41 248 414 166 131 298 238 488 366 175 22 64 417 12 316 27 292 313 127 273 401 12 112 33 244 18 150
148 59 364 473 301 65 341
465 197 29 432 211 417 104 441 333 298 19 83 198 456 392 419 264 197 466 177 250 76 496 491 86 147 136 206 165 227 164 225 229 482 280 21 269 64 138 294 269 463 282 300 363 25 296 158 55 444 117 387 40 260 221 103 428 85 271 162 194 481 148 132 111 492 365 217 102 394 363 274 9 282 371 221 155 37 242 22 269 176 436 30 373 449 269 261 89 380 444 159 22
458 119 362 115 79 420 227 164 274 354 396 293 268 104 133 224 228 473 62 457 20 250 283 387 491 433 342 228 294 141 497 305 459 374 392 134 149 300 162 37 339 485 336 304 79 402 500
469 209 153 158 14 106 445 420 180 125 129 333 156 474 447 365 151 466 489 206 374 247 107 139
377 421 25 80 376 186 255 140 106 362 247 58 335 155 369 211 474 7 350 414 369 78 413 225 91 169 461 380 446 236 231 308 402 188 323 384 324 50 21 247 275 268 197 361 247 449 15 329 469 211 454 480 426 487 450 250 447 145 225 8 81 127 17 172 123 489 106 228
214 101 119 249 492 25 398 233 332 218 39 288 340 34 399 306 310 242 471 232 424 373 322 160 307 73 409 452 501 324 395 299 17 65 30 296 105 457 233 406 148 154 138 270 176 12 75 22 484 221 251 266 25 301 249 470 430 394 417 425 349 108 252 460 95 84 442 351 165 213 467 368 60 185 364 502 126 289 130 363 145 500 121 241 330 31 332 147 74
470 113 357 17 418 203 89 256 376 82 370 418 310 93 166 346 174
279 308 378 441 145 30 465 95 54 431
385 166 131 305 146 431 429 54 386 472 72 407 72 347 147 280 448 235 465 141 260 103 255 431 357
363 326 10 337 68 185 257 30 385 339 371 55 41 281 430 8 498 280 131 59 77 25 329 67 399 483 299 260 371 430 499 130 53 341 35 472 180 237 171 64
4 131 425 3 221 420 331 181 161 235 338 285 270
482 403 213 175 40 401 395 462 308 179 294 334 245 281 407 445 39 449 211 168 196 171 164 346 148 291 500 81 42 152 392 102 430 118 413 493 432 162 208 94 123 488 301 63 410 383 117 5 18 198 442 158 361 493 359 457 77 474 30 281 345 407 114 434 229 191 140 286 311 235 213 164 150 173 117 364 283 345 99 219 415 258 457 360 255 14
242 93 441 384 164 137 285 332 320 428 12 445 484 253 284 450 161 413 263 66 490 466 352 25 343 159 426 137 398 181 5 416 44 115 172 342 220 65 318 60 265 290 80 30 7 476 500 3 211 278 149 100 56 189 10 268 99 502 26 449 166 163 220 444 286 212 256 200 157 188 246 4 260 407 495 20 481 404 174 485 127 470 234 481 410 285 75
377 436 213 27 359 323 281 14 333 429 347 262 86 262 53 260 301 438 73 366 82 358 384 136 72 220 195 87 131 285 304 153 62 249 401 392 125 385 179 416 475 245 253 464 337 146 133 133 25 466 88 368 500 371 317 59 363 28 393
155 138 423 145 487 193 315 290 347 299 410 274 34 155 137 114 389 342 76 91 477 489 136 331 37 124 216 66 384 58 383 292 22 59 238 53 4 289 168 152 45 497 228 212 94 374 361 266 435 146 79 333 497 31 126 335 318 18 442 166 137 156 69 246 250 499 350 40 194 248
184 412 268 28 146 365 165 438 213 68 437 488 490 234 376 397 141 137 359 175 159 409 496 472 124 332 240 11 158 187 20 449 80 460 263 351 197 160 301 122 103 88 83 454 443 287 435 458 212 422 172 227 374 68 343 130 373 362 121 97 483 115 470 110 363 308 120 18 237 9 140 114 190 443 476 228 278 469 227 352 369 332 145 490 17 484 448 117 19 283 377 208 374 192 177
345 81 217 384 52 384 332 397 200 290 192 67 350 192 497 150 63 467 192 4 153 76 70 190 360 257 118 395 361 412 359 59 215 442 49 221 138 66 152 198 325 174 271 276 489 490 446 64 278 217 143 147 310 479 112 63 265 170 419 7 153 377 418 458 258 248 235 220 111 119 451 67 344 348 127 368 318 147 99 189 53 226 56
206 341 394 305 108 250 43 170 273 249 121 240 185 328 137 130 254 5 240 94 369 205 86 355 201 469 288 370 141 482 165 84 104 244 45 358 329 317 289 382 319 327 394 456 103 387 120 7 181 313 396 237 210 337 37 156 317 174 265 189 276 42 434 338 293 250 22 185 112 160 461 244 352 245 250 374 102 40 426 101 129 118 490 284 376 224 223 138 357 398 439 83 80
257 404 187 67 249 46 191 28 466 304 400 305 335 412 465 460 175 356 376 465 244 438 189 45 146 277 349 342 238 87 83 287 267 149 61 353 390 390 288 263 33 38 99 423 103 185 12 165 499 50 279 474 111 26 32 114 99 446 101 33 96 195 383 106 277 70 398 125 239 380 165 40 61 446
209 120 191 57 418 285 42 444 76 482 333 216 438 328 328 280 215 61 354 411 308 346 363 374 316 242 37 308 245 91 277 208 168 481 105 502 257 60 160 16 370 15 61 478 406 317 455 103 360 38 79 341 399 468 114 456 437 132 17 233 474 398 384 387 25 363 216 47 155 490 206 94 104 89 415 99 101 191 365 164 309 148 193 109 384 389 122 137 376 208 501
155 217 192 397 179 202 473 29 291 9 84 276 285 391 313 146 232 255 398 384 37 214 194 71 347 43 337 287 317 217 225 368 295 87 303 307 277 486 170 388 463 70 60 322 413 114 217 346 200 149 99 75 40 372 244 270 179 121 437 130 289 381 121 280 357 322 221 229 418 185 243 251 112 22 144 450 335 291 96 78 278 135 266 149 352
286 346 413 258 12 352 330 35 88 367 256 108 200 326 480 298 201 149 481 115 92 246 232 252 9 494 430 3 104 432 182 136 286 55 194 349 394 328 288 397 398 281 485 222 218 450 70 27 181 351 392 126 41 210 223 200 314 263 239 106 16 115 178 345
423 374 491 89 477 240 460 205 175 360 383 82 401 99 75 124 334 153 111 263
103 423 4 438 473 19 17 327 318 453 442 23 222 45 357 238 35 10 204 380 396 218 149 311 490 76 77 367 83 283 50 340 195 119 164 457 269 321 269 333 422 222 51 371 275 325 396 178 468 273 394 217 306 360 176 157 496 137 123 222 175 14 217 195 338 354 60 256 444 6 245 356 293 25 380 459 298 417 170 220 72 176 481 424 121 171
395 160 16 437 19 367 463 232 58 490 142 343 18 435 14 17 24 479 332 487 398 382 117 344 494 42 245 397 221 445 87 129 220 384 423 457 184 455 328 478 492 468 150 386 40 353 393 165 445 167 320 19 202 155 496 361 319 277 122 447 483
87 478 451 139 441 196 40 114 223 129 350 297 32 245 230 174 80 321 402 189 116 332 182 132 87 130 308 51 209 83 53 235 292 210 42 284 77 161 19 60 183 158 185 201 378 241 224 49 310 327 178 170 152 228 475 176 205 346 93 313 434 297 172 237 187
216 21 434 415 502 328 288 471 298 204 302 170 132 239 151 22 3 285 154 322 195 92 384 436 183 100 144 148 37 191 462 14 228 473 16 249 280 175 416 159 399 370 143 139
180 163 159 127 153 255 33 209 346 444 128 439 88 128 406 484 146 490 474 247 383 146 488 143 110 124 381 403 155 294 24 347 161 178 437 16 348 232 199 36 405 177 141 183 259 251 323 292 339 417 168 369 442 18 419 98 51 146 373 344 392 163 53 196 143 213 168 178 42 367 319 375 208 166 7 423 200 231 33 118 314 390 343
240 372 342 199 101 22 74 418 400 251 21 409 192 502 65 108 262 431 415 254 251 223 14 207 21 27 72 53 171 394 28 363 343 292 253 17 459 353 389 147 215 356 118 11 38 156 148 360 290 302 30
313 453 275 106 398 360 26 303 445 233 249 397 497 131 142 226 442 173 63 175 450 404 391 92 266 442 290 250 165 197 335 181 292 448 424 313 250 351 301 501 96 120 388 251 451 61 424 317 147 457 194 178 275 407 331 432 122 197 375 174 332 35 377
176 97 428 376 28 297 21 131 140 399
177 408 246 493 435 225 244 360 411 29 41 78 239 450 362 85 54 401 423 441 255 132 29 40 49 139 56 53 93 392 394 180
107 140 397 345 289 395 378 374 449
258 21 258 135 317 418 38 272 40 133 226 177 361 273 491 71 149 380 346 375 259 199 19 416 144 16 444 462 182 100 28 93 444 85 396 260 214 90 478 27 33 355 265 468 36 278 161 9 220 389 164 160 180 28 179 11 130 340 440 200 333 75 4 163 237 150 374 433 334 19 164 35
483 263 137 75 316 194 33 236 349 311 334 213 37 131 301 191 467 452 186 150 277 459 206 476 94 294 337 433 222 14 29 436 120 33 169 293 10 20 190 241 380 292 93 205 143 11 403 283 266 487 79 463 345 58 307 76 327 413 301 382 360 307 238 82 179 406 364 382 335 3 435 8 177 36
308 50 246 96 281 420 411 490 497 369 404 325 484 279 327 81 199 434 198 128 200 287 74 22 102 226 108 268 304 316 386 170 324 262 379 372 413 134 106 490 379 306 24 345 265
284 274 217 107 358 262
312 53 266 103 298 199 9 294 182 229 311 187 214 24 109 311 475 248 235 267 22 474 265 309 34 121 344 367 155 237 285 301 11 279 475 367 209 456 183 54 33 241 250 56 40 440 374 186 335 212 221 108 460 71 497 169 21 321 288 95 37 454 38 161 309 325 353 276 135 426 45 228 179 259 317 45 449 234 342 137 21 104 157 20 429 257 297 20 462 203 416 396 93 311 295 352 197 243
309 373 188 219 293 286 285 155 73 242 188 349 74 467 413 470 296 22 73 224 240 201 230 261
368 432 122 171 261 30 308 357 72 150 467 456 314 105 444 335 444 210 66 274 71 292 433 37 158 274 219 123 201 449 111 53 57 28 368 296 330 220 246 169 86 471 85 181 70 40 245 407 68 410 297 59 161 463 418 407 246 60 309 214 410 47 169 241 84 283 274 269 252 106 75 422 455 105 415 331 391 316 474 468 493 302 403 99 83 246 270 17 481 433 439 263 256 40 336 114 291
210 119 297 74 467 411 5 473 494 444 453 67 496 150 482 131 353 338 413 215 313 429 255 178 429 317 268 86 123 361 268 103 37 96 182 80 429 372 81 255 319 125 200 456 347 15 313 327 397 53 295 477 476 288 203 478 51 424 322 415 178 68 297 167 94 44 221 233 249 423 398 315 240 74 403 424
156 40 75 369 26 407 76 45 78 366 136 239 469 6 397 450 137
