200
21 33 42
10 17 40
27 2 8
12 43 14
19 27 50
44 36 32
46 10 8
20 12 8
39 1 20
34 35 2
31 29 6
20 47 30
42 12 44
39 41 38
43 49 16
12 34 32
15 9 10
33 50 30
38 14 16
47 19 8
9 45 4
50 21 38
17 28 34
40 22 42
31 6 18
11 11 20
0 28 48
9 29 42
24 46 22
46 30 14
32 30 8
41 24 22
21 41 26
48 46 8
32 20 34
33 8 44
43 7 24
1 9 40
20 7 32
2 11 12
33 20 36
25 17 40
20 14 22
11 41 16
2 35 42
29 48 34
29 14 10
38 16 32
26 33 26
44 24 36
24 8 50
16 33 20
11 42 28
8 4 38
17 12 40
28 15 22
50 35 2
46 23 6
41 15 18
50 8 46
13 21 4
37 44 22
16 37 16
13 0 40
20 20 6
23 38 34
9 19 26
50 10 48
44 22 28
10 6 16
30 28 10
46 21 32
11 24 20
21 48 10
12 26 16
30 9 30
25 22 24
12 2 28
46 45 28
19 2 14
38 21 48
1 13 28
49 13 32
47 39 26
41 2 50
50 44 16
44 10 44
34 12 4
47 13 44
20 8 4
48 36 24
14 47 12
47 5 36
48 36 14
9 24 14
13 33 4
22 34 38
19 17 26
43 36 30
47 13 10
3 36 24
39 49 34
36 30 40
25 38 44
36 49 42
12 16 8
25 42 12
34 43 32
21 17 0
3 32 32
47 49 12
47 1 38
39 28 30
24 36 40
35 15 4
3 34 36
13 21 34
43 40 12
1 2 16
13 4 30
43 42 22
0 18 10
23 14 8
18 47 30
31 19 42
42 37 42
21 34 30
30 16 30
1 18 2
0 2 6
27 7 8
44 0 24
28 6 30
31 4 44
35 26 22
17 41 22
50 5 32
24 11 50
19 17 2
47 27 42
8 49 46
45 26 40
23 1 14
8 40 20
11 14 2
25 20 42
27 16 28
1 30 42
0 23 46
10 4 4
45 8 42
17 44 34
34 15 36
12 21 36
42 27 34
49 23 28
50 29 40
10 11 10
31 31 28
25 7 40
39 33 30
16 49 6
36 35 48
19 21 42
23 16 48
32 23 6
28 35 28
23 21 46
13 13 34
9 42 42
13 45 46
30 29 28
12 40 24
5 42 16
45 18 24
31 24 24
27 17 48
22 41 12
6 15 34
23 5 20
29 13 2
41 32 40
32 0 22
8 0 8
33 18 38
12 31 8
12 43 44
33 29 36
25 9 36
17 47 28
0 47 46
30 22 36
7 4 28
40 42 24
37 49 46
2 0 20
20 4 8
22 1 12
21 42 8
16 31 0
