SENSOR_11 -30.286 -24.714 -27.714
SENSOR_4 15.316 37.579 -33.947
SENSOR_12 27.231 -1.692 -38.769
SENSOR_6 15.333 -32.333 -20.250
SENSOR_5 -37.588 -34.765 21.000
SENSOR_13 41.529 29.294 -1.529
SENSOR_0 -44.667 25.111 -17.111
SENSOR_14 11.700 -1.650 -47.950
SENSOR_9 -31.333 45.500 -26.917
SENSOR_0 -21.455 23.000 2.636
SENSOR_9 34.833 32.667 -45.917
SENSOR_3 44.250 -25.333 11.667
SENSOR_2 19.385 38.308 -3.692
SENSOR_5 -20.824 10.941 -2.588
SENSOR_8 39.182 0.182 -34.364
SENSOR_2 -19.294 -38.176 49.294
SENSOR_3 10.450 -5.200 -8.400
SENSOR_0 46.500 9.500 -19.714
SENSOR_1 -32.600 47.400 -17.800
SENSOR_4 -39.941 -21.588 0.529
SENSOR_4 -45.800 34.200 41.200
SENSOR_3 -0.875 -41.375 38.000
SENSOR_6 17.909 -11.000 44.455
SENSOR_2 -50.900 14.200 -14.500
SENSOR_1 -44.714 26.000 44.000
SENSOR_10 0.235 26.176 -31.941
SENSOR_8 -7.182 9.636 -25.000
SENSOR_4 35.167 0.167 36.167
SENSOR_6 -8.929 -10.929 30.643
SENSOR_0 -32.875 -34.250 -12.750
SENSOR_2 -27.857 8.857 48.429
SENSOR_0 -45.000 16.571 -4.143
SENSOR_2 44.200 -33.400 44.300
SENSOR_2 2.250 -0.875 47.000
SENSOR_12 -33.778 26.500 38.444
SENSOR_5 -36.900 22.600 50.900
SENSOR_5 -44.200 47.100 -15.300
SENSOR_12 7.611 -46.167 46.056
SENSOR_4 46.833 -2.667 6.167
SENSOR_7 -1.091 11.455 44.364
SENSOR_2 43.222 25.000 49.556
SENSOR_3 32.600 -10.933 32.933
SENSOR_11 34.222 48.278 -5.167
SENSOR_0 -50.500 48.833 -38.500
SENSOR_8 -37.000 5.667 -14.111
SENSOR_0 -1.333 -29.667 -43.667
SENSOR_14 -20.833 -45.722 -18.000
SENSOR_4 -17.941 17.294 -38.882
SENSOR_0 -44.571 19.571 -30.286
SENSOR_5 32.167 -43.333 41.333
